(nimi;tunide arv;soovihommikud;sooviõhtud)
Joan;160;21,28;20,21,28;Tartuff
Evelin;140;5,6,7,8,9,10,26,27,28,29,30,31;5,6,7,8,9,10,26,27,28,29,30,31
Magnus;100;13;13
Johanna;130;18,19,20,21,22,30,31;18,19,20,21,22,30,31
Villem;90;2,3,7,13,14,15,16,17,18,27,28;2,3,7,14,15,16,17,27,28
Mirjam;80;3,4,5,6,7,28;3,4,5,6,7,28
Erik;80;20,22,23,24,25,26,27,28,29,30,31;22,23,24,25,26,27,28,29,30,31;Tartuff
Morten;80;1,4,5,6,7,8,9,10,11,26,27,28,29,30;1,4,5,6,7,8,9,10,11,26,27,28,29,30
Sille;80;5,6,7,25,26,27,28;5,6,7,25,26,27,28
Madis;70;8,9,10,11,15,16,18,22,23,24,25,26,27,28;8,9,10,11,15,16,18,22,23,24,25,26,27,28;Tartuff
Mihkel;10;1,2,3,4,5,6,7,20,21,22,23,24,25,26,27,28,29,30,31;1,2,3,4,5,6,7,20,21,22,23,24,25,26,27,28,29,30,31
Helen;60;4,5,8,9,10,11,12,13,14,16,17,26,27,28;4,5,8,9,10,11,12,13,14,16,17,27,28;
Riinu;30;1,2,3,4,5,8,9,10,11,12,13,14,15,16,17,18,19,22,23,24,25,26,27,28,29,30,31;6,12,13,14,26,27,28
Nastja;30;1,2,3,6,7,12,13,14,15,20,21,22,27,28;1,2,3,6,7,12,13,14,15,20,21,22,27,28